12
(3592, 16)
(3592, 16)
Total number of test examples: 3592
Accuracy: 0.950167
                     precision    recall  f1-score   support

                MZI       0.97      0.94      0.95       220
            bongkim       0.93      0.88      0.90       112
      humayun_ahmed       0.96      0.99      0.97       906
manik_bandhopaddhay       0.95      0.78      0.86        93
             nazrul       0.96      0.61      0.75        44
 nihar_ronjon_gupta       0.98      0.95      0.96        95
       robindronath       0.91      0.92      0.92       252
         shirshendu       0.95      0.94      0.95       210
           shomresh       0.97      0.98      0.97       282
          shordindu       0.94      0.92      0.93       177
      shorotchandra       0.93      0.98      0.95       261
      shottojit_roy       0.94      0.98      0.96       169
shunil_gongopaddhay       0.94      0.98      0.96       393
        tarashonkor       0.94      0.92      0.93       155
     toslima_nasrin       0.95      0.95      0.95       186
       zahir_rayhan       1.00      0.78      0.88        37

           accuracy                           0.95      3592
          macro avg       0.95      0.91      0.93      3592
       weighted avg       0.95      0.95      0.95      3592

[[207   0  12   0   0   0   0   0   0   0   0   0   1   0   0   0]
 [  0  98   0   0   1   0   7   0   0   4   2   0   0   0   0   0]
 [  5   1 893   0   0   0   1   0   1   0   0   0   3   0   2   0]
 [  0   0   4  73   0   0   2   1   3   1   3   0   1   5   0   0]
 [  1   0   2   1  27   0   2   2   0   0   5   0   1   2   1   0]
 [  0   0   1   0   0  90   0   0   1   1   0   0   0   1   1   0]
 [  1   1   2   2   0   0 233   0   0   3   6   1   2   1   0   0]
 [  0   1   1   0   0   1   4 198   0   0   0   1   3   0   1   0]
 [  0   0   3   0   0   0   0   1 275   0   0   0   3   0   0   0]
 [  0   3   2   0   0   0   1   0   1 162   1   6   0   0   1   0]
 [  0   1   0   1   0   0   3   0   0   0 256   0   0   0   0   0]
 [  0   0   1   0   0   0   0   1   0   0   0 166   1   0   0   0]
 [  0   0   2   0   0   1   1   1   1   0   0   0 386   0   1   0]
 [  0   0   1   0   0   0   1   3   0   1   3   1   2 143   0   0]
 [  0   0   2   0   0   0   0   1   0   1   0   0   5   0 177   0]
 [  0   0   3   0   0   0   0   0   1   0   0   1   1   0   2  29]]

